Point 0: 0.360743 0.048125 0.709634 0.410330 0.646883
Point 1: 0.738942 0.581957 0.597443 0.475198 0.370208
Point 2: 0.095155 0.334907 0.741304 0.893409 0.671502
Point 3: 0.648815 0.438345 0.055350 0.674783 0.308780
Point 4: 0.208318 0.011999 0.794858 0.476199 0.238622
Point 5: 0.050518 0.377417 0.093865 0.085759 0.212217
Point 6: 0.298451 0.446502 0.260342 0.008085 0.856831
Point 7: 0.907225 0.747027 0.438788 0.504668 0.222225
Point 8: 0.808997 0.599823 0.557132 0.550300 0.493232
Point 9: 0.228635 0.199115 0.931577 0.283985 0.873899
Point 10: 0.240357 0.492303 0.885898 0.035215 0.968502
Point 11: 0.124520 0.085733 0.345919 0.218385 0.171492
Point 12: 0.558135 0.516836 0.617994 0.818477 0.524921
Point 13: 0.474825 0.725702 0.271948 0.913614 0.230370
Point 14: 0.494173 0.722610 0.830193 0.051305 0.272910
Point 15: 0.323425 0.279939 0.472026 0.255002 0.563924
Point 16: 0.345925 0.495358 0.056227 0.231822 0.530573
Point 17: 0.024729 0.356342 0.616307 0.370648 0.574727
Point 18: 0.787798 0.928783 0.091562 0.405792 0.747261
Point 19: 0.616483 0.880617 0.472963 0.888431 0.794231
